continent,region,country,pop,date,new_cases,new_deaths,total_cases,total_deaths,case_rate,death_rate,days,country_id
Europe,Western Europe,Austria,8955102,2020-03-20,550,2,2196,6,0.24522333748962324,0.00273224043715847,0,1
Europe,Western Europe,Austria,8955102,2020-03-21,453,0,2649,6,0.29580902596084335,0.0022650056625141564,1,1
Europe,Western Europe,Austria,8955102,2020-03-22,375,2,3024,8,0.33768459588735,0.0026455026455026454,2,1
Europe,Western Europe,Austria,8955102,2020-03-23,607,8,3631,16,0.4054671850750556,0.004406499586890664,3,1
Europe,Western Europe,Austria,8955102,2020-03-24,855,9,4486,25,0.5009434845074908,0.005572893446277307,4,1
Europe,Western Europe,Austria,8955102,2020-03-25,796,5,5282,30,0.5898313609381557,0.005679666792881484,5,1
Europe,Northern Europe,Estonia,1325648,2020-03-20,9,0,267,0,0.2014109326155963,0,0,2
Europe,Northern Europe,Estonia,1325648,2020-03-21,16,0,283,0,0.21348050161128748,0,1,2
Europe,Northern Europe,Estonia,1325648,2020-03-22,23,0,306,0,0.2308305070425935,0,2,2
Europe,Northern Europe,Estonia,1325648,2020-03-23,20,0,326,0,0.24591746828720748,0,3,2
Europe,Northern Europe,Estonia,1325648,2020-03-24,26,0,352,0,0.2655305179052056,0,4,2
Europe,Northern Europe,Estonia,1325648,2020-03-25,17,0,369,0,0.27835443496312745,0,5,2
Europe,Southern Europe,Gibraltar,33701,2020-03-20,10,0,10,0,0.29672710008605085,0,0,3
Europe,Southern Europe,Gibraltar,33701,2020-03-21,0,0,10,0,0.29672710008605085,0,1,3
Europe,Southern Europe,Gibraltar,33701,2020-03-22,0,0,10,0,0.29672710008605085,0,2,3
Europe,Southern Europe,Gibraltar,33701,2020-03-23,5,0,15,0,0.44509065012907634,0,3,3
Europe,Southern Europe,Gibraltar,33701,2020-03-24,0,0,15,0,0.44509065012907634,0,4,3
Europe,Southern Europe,Gibraltar,33701,2020-03-25,0,0,15,0,0.44509065012907634,0,5,3
Asia,Southern Asia,Iran,82913906,2020-03-19,1192,147,17361,1135,0.2093858658642858,0.06537641840907782,0,5
Asia,Southern Asia,Iran,82913906,2020-03-20,1046,149,18407,1284,0.22200136126743322,0.06975607105992286,1,5
Asia,Southern Asia,Iran,82913906,2020-03-21,1237,149,19644,1433,0.23692045095547662,0.07294848299735288,2,5
Asia,Southern Asia,Iran,82913906,2020-03-22,966,123,20610,1556,0.24857109011364148,0.0754973313925279,3,5
Asia,Southern Asia,Iran,82913906,2020-03-23,1028,129,21638,1685,0.2609694928616679,0.0778722617617155,4,5
Asia,Southern Asia,Iran,82913906,2020-03-24,1411,127,23049,1812,0.2779871448825484,0.07861512430040349,5,5
Asia,Southern Asia,Iran,82913906,2020-03-25,1762,122,24811,1934,0.29923810367829007,0.0779492966829229,6,5
Europe,Southern Europe,Italy,60550075,2020-03-12,2313,196,12462,827,0.20581312244452216,0.06636173968865351,0,6
Europe,Southern Europe,Italy,60550075,2020-03-13,2651,189,15113,1016,0.24959506656267558,0.06722689075630252,1,6
Europe,Southern Europe,Italy,60550075,2020-03-14,2547,252,17660,1268,0.29165942403869854,0.07180067950169876,2,6
Europe,Southern Europe,Italy,60550075,2020-03-15,90,173,17750,1441,0.2931457970943884,0.08118309859154929,3,6
Europe,Southern Europe,Italy,60550075,2020-03-16,6230,370,23980,1811,0.3960358430604751,0.07552126772310258,4,6
Europe,Southern Europe,Italy,60550075,2020-03-17,4000,347,27980,2158,0.4620968677578021,0.0771265189421015,5,6
Europe,Southern Europe,Italy,60550075,2020-03-18,3526,347,31506,2505,0.5203296610284959,0.07950866501618739,6,6
Europe,Southern Europe,Italy,60550075,2020-03-19,4207,473,35713,2978,0.5898093437539095,0.08338700193206955,7,6
Europe,Southern Europe,Italy,60550075,2020-03-20,5322,429,41035,3407,0.677703537113703,0.08302668453758986,8,6
Europe,Southern Europe,Italy,60550075,2020-03-21,5986,625,47021,4032,0.7765638605732528,0.08574892069500861,9,6
Europe,Southern Europe,Italy,60550075,2020-03-22,6557,795,53578,4827,0.884854395308346,0.09009294859830527,10,6
Europe,Southern Europe,Italy,60550075,2020-03-23,5560,649,59138,5476,0.9766792196376306,0.09259697656329263,11,6
Europe,Southern Europe,Italy,60550075,2020-03-24,4789,601,63927,6077,1.0557707814565052,0.09506155458569931,12,6
Europe,Southern Europe,Italy,60550075,2020-03-25,5249,743,69176,6820,1.1424593611155724,0.09858910604834047,13,6
Europe,Western Europe,Luxembourg,615729,2020-03-18,59,0,140,1,0.22737275652113187,0.007142857142857143,0,7
Europe,Western Europe,Luxembourg,615729,2020-03-19,70,1,210,2,0.3410591347816978,0.009523809523809525,1,7
Europe,Western Europe,Luxembourg,615729,2020-03-20,135,2,345,4,0.5603114357127893,0.011594202898550725,2,7
Europe,Western Europe,Luxembourg,615729,2020-03-21,139,1,484,5,0.7860601011159131,0.010330578512396695,3,7
Europe,Western Europe,Luxembourg,615729,2020-03-22,186,3,670,8,1.0881410490654169,0.011940298507462687,4,7
Europe,Western Europe,Luxembourg,615729,2020-03-23,128,0,798,8,1.2960247121704516,0.010025062656641603,5,7
Europe,Western Europe,Luxembourg,615729,2020-03-24,77,0,875,8,1.4210797282570742,0.009142857142857144,6,7
Europe,Western Europe,Luxembourg,615729,2020-03-25,224,0,1099,8,1.7848761386908851,0.007279344858962694,7,7
Europe,Western Europe,Monaco,38964,2020-03-17,2,0,9,0,0.2309824453341546,0,0,8
Europe,Western Europe,Monaco,38964,2020-03-18,0,0,9,0,0.2309824453341546,0,1,8
Europe,Western Europe,Monaco,38964,2020-03-19,0,0,9,0,0.2309824453341546,0,2,8
Europe,Western Europe,Monaco,38964,2020-03-20,2,0,11,0,0.2823118776306334,0,3,8
Europe,Western Europe,Monaco,38964,2020-03-21,1,0,12,0,0.3079765937788728,0,4,8
Europe,Western Europe,Monaco,38964,2020-03-22,6,0,18,0,0.4619648906683092,0,5,8
Europe,Western Europe,Monaco,38964,2020-03-23,5,0,23,0,0.5902884714095061,0,6,8
Europe,Western Europe,Monaco,38964,2020-03-24,0,0,23,0,0.5902884714095061,0,7,8
Europe,Western Europe,Monaco,38964,2020-03-25,4,0,27,0,0.6929473360024637,0,8,8
Europe,Northern Europe,Norway,5378857,2020-03-16,170,0,1077,1,0.20022841283938206,9.285051067780873e-4,0,9
Europe,Northern Europe,Norway,5378857,2020-03-17,92,2,1169,3,0.2173324183929783,0.0025662959794696323,1,9
Europe,Northern Europe,Norway,5378857,2020-03-18,139,0,1308,3,0.2431743398272161,0.0022935779816513763,2,9
Europe,Northern Europe,Norway,5378857,2020-03-19,115,0,1423,3,0.2645543467692114,0.0021082220660576245,3,9
Europe,Northern Europe,Norway,5378857,2020-03-20,129,3,1552,6,0.28853713716501483,0.003865979381443299,4,9
Europe,Northern Europe,Norway,5378857,2020-03-21,190,1,1742,7,0.3238606268952679,0.004018369690011481,5,9
Europe,Northern Europe,Norway,5378857,2020-03-22,184,0,1926,7,0.3580686380024604,0.0036344755970924196,6,9
Europe,Northern Europe,Norway,5378857,2020-03-23,206,0,2132,7,0.39636673739420847,0.003283302063789869,7,9
Europe,Northern Europe,Norway,5378857,2020-03-24,239,1,2371,8,0.44079996921279,0.003374103753690426,8,9
Europe,Northern Europe,Norway,5378857,2020-03-25,195,2,2566,10,0.4770530244622603,0.003897116134060795,9,9
Europe,Southern Europe,San Marino,33860,2020-03-02,7,1,8,1,0.23626698168930893,0.125,0,10
Europe,Southern Europe,San Marino,33860,2020-03-04,2,0,10,1,0.29533372711163614,0.1,1,10
Europe,Southern Europe,San Marino,33860,2020-03-05,5,0,15,1,0.44300059066745423,0.06666666666666667,2,10
Europe,Southern Europe,San Marino,33860,2020-03-06,7,0,22,1,0.6497341996455995,0.045454545454545456,3,10
Europe,Southern Europe,San Marino,33860,2020-03-07,1,0,23,1,0.6792675723567632,0.043478260869565216,4,10
Europe,Southern Europe,San Marino,33860,2020-03-08,3,0,26,1,0.7678676904902539,0.038461538461538464,5,10
Europe,Southern Europe,San Marino,33860,2020-03-09,11,0,37,1,1.0927347903130538,0.02702702702702703,6,10
Europe,Southern Europe,San Marino,33860,2020-03-10,12,1,49,2,1.447135262847017,0.04081632653061224,7,10
Europe,Southern Europe,San Marino,33860,2020-03-11,13,0,62,2,1.831069108092144,0.03225806451612903,8,10
Europe,Southern Europe,San Marino,33860,2020-03-12,4,1,66,3,1.9492025989367985,0.045454545454545456,9,10
Europe,Southern Europe,San Marino,33860,2020-03-13,1,2,67,5,1.9787359716479622,0.07462686567164178,10,10
Europe,Southern Europe,San Marino,33860,2020-03-14,6,0,73,5,2.1559362079149436,0.0684931506849315,11,10
Europe,Southern Europe,San Marino,33860,2020-03-15,19,0,92,5,2.7170702894270526,0.05434782608695652,12,10
Europe,Southern Europe,San Marino,33860,2020-03-16,6,2,98,7,2.894270525694034,0.07142857142857142,13,10
Europe,Southern Europe,San Marino,33860,2020-03-17,4,2,102,9,3.0124040165386887,0.08823529411764706,14,10
Europe,Southern Europe,San Marino,33860,2020-03-18,2,2,104,11,3.0714707619610158,0.10576923076923077,15,10
Europe,Southern Europe,San Marino,33860,2020-03-19,5,3,109,14,3.2191376255168342,0.12844036697247707,16,10
Europe,Southern Europe,San Marino,33860,2020-03-20,17,0,126,14,3.7212049616066154,0.1111111111111111,17,10
Europe,Southern Europe,San Marino,33860,2020-03-21,25,0,151,14,4.459539279385706,0.09271523178807947,18,10
Europe,Southern Europe,San Marino,33860,2020-03-22,0,6,151,20,4.459539279385706,0.13245033112582782,19,10
Europe,Southern Europe,San Marino,33860,2020-03-23,0,0,151,20,4.459539279385706,0.13245033112582782,20,10
Europe,Southern Europe,San Marino,33860,2020-03-24,36,0,187,20,5.522740696987596,0.10695187165775401,21,10
Europe,Southern Europe,San Marino,33860,2020-03-25,0,1,187,21,5.522740696987596,0.11229946524064172,22,10
Europe,Southern Europe,Spain,46736776,2020-03-18,1987,182,11178,491,0.2391692572033638,0.043925568080157455,0,11
Europe,Southern Europe,Spain,46736776,2020-03-19,2538,107,13716,598,0.2934733880659633,0.04359871682706328,1,11
Europe,Southern Europe,Spain,46736776,2020-03-20,3431,169,17147,767,0.36688452793577375,0.04473085670962851,2,11
Europe,Southern Europe,Spain,46736776,2020-03-21,2833,235,19980,1002,0.42750060466301737,0.05015015015015015,3,11
Europe,Southern Europe,Spain,46736776,2020-03-22,4946,324,24926,1326,0.533327330922441,0.053197464494904916,4,11
Europe,Southern Europe,Spain,46736776,2020-03-23,3646,394,28572,1720,0.6113387025241107,0.060198796024079515,5,11
Europe,Southern Europe,Spain,46736776,2020-03-24,4517,462,33089,2182,0.7079863617464757,0.06594336486445647,6,11
Europe,Southern Europe,Spain,46736776,2020-03-25,6584,514,39673,2696,0.8488604348746691,0.06795553651097724,7,11
Europe,Western Europe,Switzerland,8591365,2020-03-16,841,2,2200,13,0.2560710667047669,0.005909090909090909,0,12
Europe,Western Europe,Switzerland,8591365,2020-03-17,0,1,2200,14,0.2560710667047669,0.006363636363636364,1,12
Europe,Western Europe,Switzerland,8591365,2020-03-18,450,5,2650,19,0.3084492394398329,0.007169811320754717,2,12
Europe,Western Europe,Switzerland,8591365,2020-03-19,360,2,3010,21,0.35035177762788566,0.0069767441860465115,3,12
Europe,Western Europe,Switzerland,8591365,2020-03-20,878,12,3888,33,0.45254741243096996,0.008487654320987654,4,12
Europe,Western Europe,Switzerland,8591365,2020-03-21,952,10,4840,43,0.5633563467504873,0.008884297520661158,5,12
Europe,Western Europe,Switzerland,8591365,2020-03-22,1237,13,6077,56,0.7073381238022131,0.009215073226921179,6,12
Europe,Western Europe,Switzerland,8591365,2020-03-23,894,4,6971,60,0.8113960936358774,0.008607086501219337,7,12
Europe,Western Europe,Switzerland,8591365,2020-03-24,1044,6,8015,66,0.9329134543812305,0.008234560199625702,8,12
Europe,Western Europe,Switzerland,8591365,2020-03-25,774,20,8789,86,1.0230039114855438,0.009784958470815792,9,12
Europe,Northern Europe,Iceland,339031,2020-03-09,9,0,68,0,0.20057162914305773,0,0,4
Europe,Northern Europe,Iceland,339031,2020-03-10,14,0,82,0,0.24186578808427547,0,1,4
Europe,Northern Europe,Iceland,339031,2020-03-11,24,0,106,0,0.31265577484064877,0,2,4
Europe,Northern Europe,Iceland,339031,2020-03-12,16,0,122,0,0.35984909934489767,0,3,4
Europe,Northern Europe,Iceland,339031,2020-03-13,20,0,142,0,0.4188407549752088,0,4,4
Europe,Northern Europe,Iceland,339031,2020-03-14,24,0,166,0,0.4896307417315821,0,5,4
Europe,Northern Europe,Iceland,339031,2020-03-15,20,0,186,0,0.5486223973618932,0,6,4
Europe,Northern Europe,Iceland,339031,2020-03-16,22,0,208,0,0.6135132185552353,0,7,4
Europe,Northern Europe,Iceland,339031,2020-03-17,53,0,261,0,0.7698411059755598,0,8,4
Europe,Northern Europe,Iceland,339031,2020-03-18,78,0,339,0,0.9999085629337731,0,9,4
Europe,Northern Europe,Iceland,339031,2020-03-19,76,0,415,0,1.224076854328955,0,10,4
Europe,Northern Europe,Iceland,339031,2020-03-20,60,0,475,0,1.4010518212198886,0,11,4
Europe,Northern Europe,Iceland,339031,2020-03-21,92,0,567,0,1.6724134371193196,0,12,4
Europe,Northern Europe,Iceland,339031,2020-03-22,22,0,589,0,1.7373042583126617,0,13,4
Europe,Northern Europe,Iceland,339031,2020-03-23,67,0,656,0,1.9349263046742038,0,14,4
Europe,Northern Europe,Iceland,339031,2020-03-24,81,0,737,0,2.173842509976964,0,15,4
