continent,region,country,pop,date,new_cases,new_deaths,total_cases,total_deaths,case_rate,death_rate,days,country_id
Asia,Western Asia,Bahrain,1641172,2020-03-14,48,0,210,0,0.1279573378049345,0,0,1
Asia,Western Asia,Bahrain,1641172,2020-03-15,1,0,211,0,0.1285666584611485,0,1,1
Asia,Western Asia,Bahrain,1641172,2020-03-16,3,0,214,0,0.13039462042979041,0,2,1
Asia,Western Asia,Bahrain,1641172,2020-03-17,7,1,221,1,0.13465986502328825,0.004524886877828055,3,1
Asia,Western Asia,Bahrain,1641172,2020-03-18,16,0,237,1,0.14440899552271183,0.004219409282700422,4,1
Asia,Western Asia,Bahrain,1641172,2020-03-19,19,0,256,1,0.15598608799077732,0.00390625,5,1
Asia,Western Asia,Bahrain,1641172,2020-03-20,13,0,269,1,0.163907256521559,0.0037174721189591076,6,1
Europe,Northern Europe,Denmark,5771876,2020-03-13,160,0,676,0,0.11711963320071324,0,0,2
Europe,Northern Europe,Denmark,5771876,2020-03-14,128,0,804,0,0.13929613179493117,0,1,2
Europe,Northern Europe,Denmark,5771876,2020-03-15,23,0,827,0,0.14328097138607968,0,2,2
Europe,Northern Europe,Denmark,5771876,2020-03-16,48,1,875,1,0.15159715835891138,0.001142857142857143,3,2
Europe,Northern Europe,Denmark,5771876,2020-03-17,57,0,932,1,0.16147263038914905,0.001072961373390558,4,2
Europe,Northern Europe,Denmark,5771876,2020-03-18,92,3,1024,4,0.17741198875374314,0.00390625,5,2
Europe,Northern Europe,Denmark,5771876,2020-03-19,91,0,1115,4,0.19317809322306992,0.003587443946188341,6,2
Europe,Northern Europe,Denmark,5771876,2020-03-20,36,2,1151,6,0.1994152334526937,0.005212858384013901,7,2
Asia,Southern Asia,Iran,82913906,2020-03-12,958,63,9000,354,0.10854632756054214,0.03933333333333333,0,4
Asia,Southern Asia,Iran,82913906,2020-03-13,1075,75,10075,429,0.12151158335249578,0.04258064516129032,1,4
Asia,Southern Asia,Iran,82913906,2020-03-14,1289,85,11364,514,0.13705782959977786,0.04523055262231609,2,4
Asia,Southern Asia,Iran,82913906,2020-03-15,1365,97,12729,611,0.15352068927979343,0.048000628486134025,3,4
Asia,Southern Asia,Iran,82913906,2020-03-16,1209,113,13938,724,0.16810207928209292,0.05194432486726933,4,4
Asia,Southern Asia,Iran,82913906,2020-03-17,1053,129,14991,853,0.18080199960667634,0.056900807150957244,5,4
Asia,Southern Asia,Iran,82913906,2020-03-18,1178,135,16169,988,0.19500950781404508,0.06110458284371328,6,4
Asia,Southern Asia,Iran,82913906,2020-03-19,1192,147,17361,1135,0.2093858658642858,0.06537641840907782,7,4
Asia,Southern Asia,Iran,82913906,2020-03-20,1046,149,18407,1284,0.22200136126743322,0.06975607105992286,8,4
Europe,Southern Europe,Italy,60550075,2020-03-09,1492,133,7375,366,0.12180001428569659,0.0496271186440678,0,5
Europe,Southern Europe,Italy,60550075,2020-03-10,1797,98,9172,464,0.15147792963097073,0.05058874836458788,1,5
Europe,Southern Europe,Italy,60550075,2020-03-11,977,167,10149,631,0.16761333491329283,0.062173613163858506,2,5
Europe,Southern Europe,Italy,60550075,2020-03-12,2313,196,12462,827,0.20581312244452216,0.06636173968865351,3,5
Europe,Southern Europe,Italy,60550075,2020-03-13,2651,189,15113,1016,0.24959506656267558,0.06722689075630252,4,5
Europe,Southern Europe,Italy,60550075,2020-03-14,2547,252,17660,1268,0.29165942403869854,0.07180067950169876,5,5
Europe,Southern Europe,Italy,60550075,2020-03-15,3497,173,21157,1441,0.3494132748803367,0.06810984544122513,6,5
Europe,Southern Europe,Italy,60550075,2020-03-16,2823,370,23980,1811,0.3960358430604751,0.07552126772310258,7,5
Europe,Southern Europe,Italy,60550075,2020-03-17,4000,347,27980,2158,0.4620968677578021,0.0771265189421015,8,5
Europe,Southern Europe,Italy,60550075,2020-03-18,3526,347,31506,2505,0.5203296610284959,0.07950866501618739,9,5
Europe,Southern Europe,Italy,60550075,2020-03-19,4207,473,35713,2978,0.5898093437539095,0.08338700193206955,10,5
Europe,Southern Europe,Italy,60550075,2020-03-20,5322,429,41035,3407,0.677703537113703,0.08302668453758986,11,5
Europe,Northern Europe,Norway,5378857,2020-03-13,132,1,621,1,0.11545203748677461,0.001610305958132045,0,6
Europe,Northern Europe,Norway,5378857,2020-03-14,0,0,621,1,0.11545203748677461,0.001610305958132045,1,6
Europe,Northern Europe,Norway,5378857,2020-03-15,286,0,907,1,0.16862318518599767,0.0011025358324145535,2,6
Europe,Northern Europe,Norway,5378857,2020-03-16,170,0,1077,1,0.20022841283938206,9.285051067780873e-4,3,6
Europe,Northern Europe,Norway,5378857,2020-03-17,92,2,1169,3,0.2173324183929783,0.0025662959794696323,4,6
Europe,Northern Europe,Norway,5378857,2020-03-18,139,0,1308,3,0.2431743398272161,0.0022935779816513763,5,6
Europe,Northern Europe,Norway,5378857,2020-03-19,115,0,1423,3,0.2645543467692114,0.0021082220660576245,6,6
Europe,Northern Europe,Norway,5378857,2020-03-20,129,3,1552,6,0.28853713716501483,0.003865979381443299,7,6
Asia,Western Asia,Qatar,2832067,2020-03-14,58,0,320,0,0.11299167710368434,0,0,7
Asia,Western Asia,Qatar,2832067,2020-03-15,17,0,337,0,0.11899435994981757,0,1,7
Asia,Western Asia,Qatar,2832067,2020-03-16,64,0,401,0,0.14159269537055444,0,2,7
Asia,Western Asia,Qatar,2832067,2020-03-17,38,0,439,0,0.15501045702661695,0,3,7
Asia,Western Asia,Qatar,2832067,2020-03-18,3,0,442,0,0.156069753999464,0,4,7
Asia,Western Asia,Qatar,2832067,2020-03-19,10,0,452,0,0.15960074390895412,0,5,7
Asia,Western Asia,Qatar,2832067,2020-03-20,8,0,460,0,0.16242553583654623,0,6,7
Asia,Eastern Asia,South Korea,51225308,2020-03-04,516,4,5328,32,0.10401108764441201,0.006006006006006006,0,8
Asia,Eastern Asia,South Korea,51225308,2020-03-05,438,3,5766,35,0.1125615486782432,0.0060700659035726676,1,8
Asia,Eastern Asia,South Korea,51225308,2020-03-06,518,7,6284,42,0.12267373775478324,0.00668364099299809,2,8
Asia,Eastern Asia,South Korea,51225308,2020-03-07,483,2,6767,44,0.13210267081263816,0.0065021427515885915,3,8
Asia,Eastern Asia,South Korea,51225308,2020-03-08,367,6,7134,50,0.1392670982085652,0.007008690776562938,4,8
Asia,Eastern Asia,South Korea,51225308,2020-03-09,248,1,7382,51,0.14410845514096277,0.006908696830127336,5,8
Asia,Eastern Asia,South Korea,51225308,2020-03-10,131,3,7513,54,0.14666578481089854,0.007187541594569413,6,8
Asia,Eastern Asia,South Korea,51225308,2020-03-11,242,6,7755,60,0.15139001214009293,0.007736943907156673,7,8
Asia,Eastern Asia,South Korea,51225308,2020-03-12,114,6,7869,66,0.15361547460095312,0.008387342737323675,8,8
Asia,Eastern Asia,South Korea,51225308,2020-03-13,110,1,7979,67,0.15576285065967782,0.008397042235869156,9,8
Asia,Eastern Asia,South Korea,51225308,2020-03-14,107,5,8086,72,0.15785166191680097,0.008904279000742024,10,8
Asia,Eastern Asia,South Korea,51225308,2020-03-15,76,3,8162,75,0.1593353035573744,0.009188924283263906,11,8
Asia,Eastern Asia,South Korea,51225308,2020-03-16,74,0,8236,75,0.16077990199688014,0.009106362311801846,12,8
Asia,Eastern Asia,South Korea,51225308,2020-03-17,84,6,8320,81,0.16241971644172445,0.009735576923076923,13,8
Asia,Eastern Asia,South Korea,51225308,2020-03-18,93,5,8413,86,0.16423522529137355,0.010222275050517057,14,8
Asia,Eastern Asia,South Korea,51225308,2020-03-19,152,5,8565,91,0.16720250857252045,0.010624635143023935,15,8
Asia,Eastern Asia,South Korea,51225308,2020-03-20,87,9,8652,100,0.16890088781896637,0.01155802126675913,16,8
Europe,Western Europe,Switzerland,8591365,2020-03-14,267,3,1121,7,0.1304798480800199,0.006244424620874219,0,9
Europe,Western Europe,Switzerland,8591365,2020-03-15,238,4,1359,11,0.1581820816598992,0.008094186902133923,1,9
Europe,Western Europe,Switzerland,8591365,2020-03-16,841,2,2200,13,0.2560710667047669,0.005909090909090909,2,9
Europe,Western Europe,Switzerland,8591365,2020-03-17,0,1,2200,14,0.2560710667047669,0.006363636363636364,3,9
Europe,Western Europe,Switzerland,8591365,2020-03-18,450,5,2650,19,0.3084492394398329,0.007169811320754717,4,9
Europe,Western Europe,Switzerland,8591365,2020-03-19,360,2,3010,21,0.35035177762788566,0.0069767441860465115,5,9
Europe,Western Europe,Switzerland,8591365,2020-03-20,878,12,3888,33,0.45254741243096996,0.008487654320987654,6,9
Europe,Northern Europe,Iceland,339031,2020-03-05,8,0,37,0,0.10913456291607551,0,0,3
Europe,Northern Europe,Iceland,339031,2020-03-06,10,0,47,0,0.13863039073123107,0,1,3
Europe,Northern Europe,Iceland,339031,2020-03-07,7,0,54,0,0.15927747020183997,0,2,3
Europe,Northern Europe,Iceland,339031,2020-03-08,5,0,59,0,0.17402538410941773,0,3,3
Europe,Northern Europe,Iceland,339031,2020-03-09,9,0,68,0,0.20057162914305773,0,4,3
Europe,Northern Europe,Iceland,339031,2020-03-10,14,0,82,0,0.24186578808427547,0,5,3
Europe,Northern Europe,Iceland,339031,2020-03-11,24,0,106,0,0.31265577484064877,0,6,3
Europe,Northern Europe,Iceland,339031,2020-03-12,16,0,122,0,0.35984909934489767,0,7,3
Europe,Northern Europe,Iceland,339031,2020-03-13,20,0,142,0,0.4188407549752088,0,8,3
Europe,Northern Europe,Iceland,339031,2020-03-14,24,0,166,0,0.4896307417315821,0,9,3
Europe,Northern Europe,Iceland,339031,2020-03-15,20,0,186,0,0.5486223973618932,0,10,3
Europe,Northern Europe,Iceland,339031,2020-03-16,25,0,211,0,0.622361966899782,0,11,3
Europe,Northern Europe,Iceland,339031,2020-03-17,53,0,264,0,0.7786898543201065,0,12,3
Europe,Northern Europe,Iceland,339031,2020-03-18,78,0,342,0,1.0087573112783197,0,13,3
Europe,Northern Europe,Iceland,339031,2020-03-19,77,0,419,0,1.2358751854550174,0,14,3
Europe,Northern Europe,Iceland,339031,2020-03-20,60,0,479,0,1.4128501523459507,0,15,3
