continent,region,country,pop,date,new_cases,new_deaths,total_cases,total_deaths,case_rate,death_rate,days,country_id
Asia,Western Asia,Bahrain,1641172,2020-02-27,10,0,33,0,0.020107581655061137,0,0,1
Asia,Western Asia,Bahrain,1641172,2020-02-28,0,0,33,0,0.020107581655061137,0,1,1
Asia,Western Asia,Bahrain,1641172,2020-02-29,5,0,38,0,0.02315418493613101,0,2,1
Asia,Western Asia,Bahrain,1641172,2020-03-01,3,0,41,0,0.02498214690477293,0,3,1
Asia,Western Asia,Bahrain,1641172,2020-03-02,6,0,47,0,0.028638070842056777,0,4,1
Asia,Western Asia,Bahrain,1641172,2020-03-04,2,0,49,0,0.029856712154484724,0,5,1
Asia,Western Asia,Bahrain,1641172,2020-03-05,3,0,52,0,0.031684674123126644,0,6,1
Asia,Western Asia,Bahrain,1641172,2020-03-06,0,0,52,0,0.031684674123126644,0,7,1
Asia,Western Asia,Bahrain,1641172,2020-03-07,4,0,56,0,0.03412195674798254,0,8,1
Asia,Western Asia,Bahrain,1641172,2020-03-08,7,0,63,0,0.038387201341480354,0,9,1
Asia,Western Asia,Bahrain,1641172,2020-03-09,16,0,79,0,0.04813633184090394,0,10,1
Asia,Western Asia,Bahrain,1641172,2020-03-10,30,0,109,0,0.06641595152732316,0,11,1
Asia,Western Asia,Bahrain,1641172,2020-03-11,1,0,110,0,0.06702527218353713,0,12,1
Asia,Western Asia,Bahrain,1641172,2020-03-12,52,0,162,0,0.09870994630666377,0,13,1
Asia,Western Asia,Bahrain,1641172,2020-03-13,0,0,162,0,0.09870994630666377,0,14,1
Asia,Western Asia,Bahrain,1641172,2020-03-14,48,0,210,0,0.1279573378049345,0,15,1
Asia,Western Asia,Bahrain,1641172,2020-03-15,1,0,211,0,0.1285666584611485,0,16,1
Asia,Western Asia,Bahrain,1641172,2020-03-16,3,0,214,0,0.13039462042979041,0,17,1
Asia,Western Asia,Bahrain,1641172,2020-03-17,7,1,221,1,0.13465986502328825,0.004524886877828055,18,1
Asia,Western Asia,Bahrain,1641172,2020-03-18,16,0,237,1,0.14440899552271183,0.004219409282700422,19,1
Europe,Western Europe,Belgium,11539328,2020-03-10,39,0,239,0,0.020711778016882787,0,0,2
Europe,Western Europe,Belgium,11539328,2020-03-11,28,0,267,0,0.02313826247074353,0,1,2
Europe,Western Europe,Belgium,11539328,2020-03-12,47,3,314,3,0.02721128994686692,0.009554140127388535,2,2
Europe,Western Europe,Belgium,11539328,2020-03-13,85,0,399,3,0.034577403467515616,0.007518796992481203,3,2
Europe,Western Europe,Belgium,11539328,2020-03-14,160,0,559,3,0.04844302891814844,0.005366726296958855,4,2
Europe,Western Europe,Belgium,11539328,2020-03-15,130,1,689,4,0.059708849596787614,0.005805515239477504,5,2
Europe,Western Europe,Belgium,11539328,2020-03-16,197,0,886,4,0.07678090093287927,0.004514672686230248,6,2
Europe,Western Europe,Belgium,11539328,2020-03-17,199,1,1085,5,0.09402627258710386,0.004608294930875576,7,2
Europe,Western Europe,Belgium,11539328,2020-03-18,158,0,1243,5,0.10771857771960378,0.004022526146419952,8,2
Europe,Western Europe,France,65129728,2020-03-10,286,11,1412,30,0.021679808028677777,0.021246458923512748,0,3
Europe,Western Europe,France,65129728,2020-03-11,372,3,1784,33,0.02739148549798949,0.018497757847533634,1,3
Europe,Western Europe,France,65129728,2020-03-12,497,15,2281,48,0.03502240942876347,0.02104340201665936,2,3
Europe,Western Europe,France,65129728,2020-03-13,595,13,2876,61,0.044158022585323864,0.02121001390820584,3,3
Europe,Western Europe,France,65129728,2020-03-14,785,18,3661,79,0.056210890363306905,0.02157880360557225,4,3
Europe,Western Europe,France,65129728,2020-03-15,838,12,4499,91,0.06907751864094995,0.02022671704823294,5,3
Europe,Western Europe,France,65129728,2020-03-16,924,36,5423,127,0.08326458848407903,0.023418771897473722,6,3
Europe,Western Europe,France,65129728,2020-03-17,1210,21,6633,148,0.10184289423103379,0.02231267902909694,7,3
Europe,Western Europe,France,65129728,2020-03-18,1097,27,7730,175,0.11868620117682666,0.022639068564036222,8,3
Asia,Southern Asia,Iran,82913906,2020-03-04,835,11,2336,77,0.028173802353491827,0.03296232876712329,0,5
Asia,Southern Asia,Iran,82913906,2020-03-05,586,15,2922,92,0.035241374347989345,0.03148528405201916,1,5
Asia,Southern Asia,Iran,82913906,2020-03-06,591,15,3513,107,0.04236924985779828,0.03045829775120979,2,5
Asia,Southern Asia,Iran,82913906,2020-03-07,1234,17,4747,124,0.057252157436654835,0.02612176111228144,3,5
Asia,Southern Asia,Iran,82913906,2020-03-08,1076,21,5823,145,0.07022947393167076,0.024901253649321657,4,5
Asia,Southern Asia,Iran,82913906,2020-03-09,743,49,6566,194,0.07919057630694663,0.02954614681693573,5,5
Asia,Southern Asia,Iran,82913906,2020-03-10,595,43,7161,237,0.0863666946290047,0.03309593632174277,6,5
Asia,Southern Asia,Iran,82913906,2020-03-11,881,54,8042,291,0.09699217402687553,0.03618502859985078,7,5
Asia,Southern Asia,Iran,82913906,2020-03-12,958,63,9000,354,0.10854632756054214,0.03933333333333333,8,5
Asia,Southern Asia,Iran,82913906,2020-03-13,1075,75,10075,429,0.12151158335249578,0.04258064516129032,9,5
Asia,Southern Asia,Iran,82913906,2020-03-14,1289,85,11364,514,0.13705782959977786,0.04523055262231609,10,5
Asia,Southern Asia,Iran,82913906,2020-03-15,1365,97,12729,611,0.15352068927979343,0.048000628486134025,11,5
Asia,Southern Asia,Iran,82913906,2020-03-16,1209,113,13938,724,0.16810207928209292,0.05194432486726933,12,5
Asia,Southern Asia,Iran,82913906,2020-03-17,1053,129,14991,853,0.18080199960667634,0.056900807150957244,13,5
Asia,Southern Asia,Iran,82913906,2020-03-18,1178,135,16169,988,0.19500950781404508,0.06110458284371328,14,5
Europe,Southern Europe,Italy,60550075,2020-03-02,561,6,1689,35,0.02789426767844631,0.020722320899940794,0,6
Europe,Southern Europe,Italy,60550075,2020-03-03,146,17,1835,52,0.030305495079898742,0.028337874659400544,1,6
Europe,Southern Europe,Italy,60550075,2020-03-04,667,28,2502,80,0.04132117094817802,0.0319744204636291,2,6
Europe,Southern Europe,Italy,60550075,2020-03-05,587,27,3089,107,0.05101562632251075,0.03463904176108773,3,6
Europe,Southern Europe,Italy,60550075,2020-03-06,769,41,3858,148,0.06371585832057185,0.0383618455158113,4,6
Europe,Southern Europe,Italy,60550075,2020-03-07,778,49,4636,197,0.07656472762420195,0.042493528904227786,5,6
Europe,Southern Europe,Italy,60550075,2020-03-08,1247,36,5883,233,0.09715925207359363,0.039605643379228284,6,6
Europe,Southern Europe,Italy,60550075,2020-03-09,1492,133,7375,366,0.12180001428569659,0.0496271186440678,7,6
Europe,Southern Europe,Italy,60550075,2020-03-10,1797,98,9172,464,0.15147792963097073,0.05058874836458788,8,6
Europe,Southern Europe,Italy,60550075,2020-03-11,977,167,10149,631,0.16761333491329283,0.062173613163858506,9,6
Europe,Southern Europe,Italy,60550075,2020-03-12,2313,196,12462,827,0.20581312244452216,0.06636173968865351,10,6
Europe,Southern Europe,Italy,60550075,2020-03-13,2651,189,15113,1016,0.24959506656267558,0.06722689075630252,11,6
Europe,Southern Europe,Italy,60550075,2020-03-14,2547,252,17660,1268,0.29165942403869854,0.07180067950169876,12,6
Europe,Southern Europe,Italy,60550075,2020-03-15,90,173,17750,1441,0.2931457970943884,0.08118309859154929,13,6
Europe,Southern Europe,Italy,60550075,2020-03-16,6230,370,23980,1811,0.3960358430604751,0.07552126772310258,14,6
Europe,Southern Europe,Italy,60550075,2020-03-17,4000,347,27980,2158,0.4620968677578021,0.0771265189421015,15,6
Europe,Southern Europe,Italy,60550075,2020-03-18,3526,347,31506,2505,0.5203296610284959,0.07950866501618739,16,6
Europe,Northern Europe,Norway,5378857,2020-03-07,27,0,113,0,0.02100818073430842,0,0,7
Europe,Northern Europe,Norway,5378857,2020-03-08,34,0,147,0,0.027329226264985292,0,1,7
Europe,Northern Europe,Norway,5378857,2020-03-09,22,0,169,0,0.03141931454954091,0,2,7
Europe,Northern Europe,Norway,5378857,2020-03-10,23,0,192,0,0.035695315937939974,0,3,7
Europe,Northern Europe,Norway,5378857,2020-03-11,85,0,277,0,0.051497929764632154,0,4,7
Europe,Northern Europe,Norway,5378857,2020-03-12,212,0,489,0,0.09091150777944088,0,5,7
Europe,Northern Europe,Norway,5378857,2020-03-13,132,1,621,1,0.11545203748677461,0.001610305958132045,6,7
Europe,Northern Europe,Norway,5378857,2020-03-14,0,0,621,1,0.11545203748677461,0.001610305958132045,7,7
Europe,Northern Europe,Norway,5378857,2020-03-15,286,0,907,1,0.16862318518599767,0.0011025358324145535,8,7
Europe,Northern Europe,Norway,5378857,2020-03-16,170,0,1077,1,0.20022841283938206,9.285051067780873e-4,9,7
Europe,Northern Europe,Norway,5378857,2020-03-17,92,2,1169,3,0.2173324183929783,0.0025662959794696323,10,7
Europe,Northern Europe,Norway,5378857,2020-03-18,139,0,1308,3,0.2431743398272161,0.0022935779816513763,11,7
Europe,Southern Europe,San Marino,33860,2020-02-28,1,0,1,0,0.029533372711163616,0,0,8
Europe,Southern Europe,San Marino,33860,2020-02-29,0,0,1,0,0.029533372711163616,0,1,8
Europe,Southern Europe,San Marino,33860,2020-03-01,0,0,1,0,0.029533372711163616,0,2,8
Europe,Southern Europe,San Marino,33860,2020-03-02,7,1,8,1,0.23626698168930893,0.125,3,8
Europe,Southern Europe,San Marino,33860,2020-03-04,2,0,10,1,0.29533372711163614,0.1,4,8
Europe,Southern Europe,San Marino,33860,2020-03-05,5,0,15,1,0.44300059066745423,0.06666666666666667,5,8
Europe,Southern Europe,San Marino,33860,2020-03-06,7,0,22,1,0.6497341996455995,0.045454545454545456,6,8
Europe,Southern Europe,San Marino,33860,2020-03-07,1,0,23,1,0.6792675723567632,0.043478260869565216,7,8
Europe,Southern Europe,San Marino,33860,2020-03-08,3,0,26,1,0.7678676904902539,0.038461538461538464,8,8
Europe,Southern Europe,San Marino,33860,2020-03-09,11,0,37,1,1.0927347903130538,0.02702702702702703,9,8
Europe,Southern Europe,San Marino,33860,2020-03-10,12,1,49,2,1.447135262847017,0.04081632653061224,10,8
Europe,Southern Europe,San Marino,33860,2020-03-11,13,0,62,2,1.831069108092144,0.03225806451612903,11,8
Europe,Southern Europe,San Marino,33860,2020-03-12,4,1,66,3,1.9492025989367985,0.045454545454545456,12,8
Europe,Southern Europe,San Marino,33860,2020-03-13,1,2,67,5,1.9787359716479622,0.07462686567164178,13,8
Europe,Southern Europe,San Marino,33860,2020-03-14,6,0,73,5,2.1559362079149436,0.0684931506849315,14,8
Europe,Southern Europe,San Marino,33860,2020-03-15,19,0,92,5,2.7170702894270526,0.05434782608695652,15,8
Europe,Southern Europe,San Marino,33860,2020-03-16,6,2,98,7,2.894270525694034,0.07142857142857142,16,8
Europe,Southern Europe,San Marino,33860,2020-03-17,4,2,102,9,3.0124040165386887,0.08823529411764706,17,8
Europe,Southern Europe,San Marino,33860,2020-03-18,2,2,104,11,3.0714707619610158,0.10576923076923077,18,8
Asia,South-eastern Asia,Singapore,5804337,2020-03-06,5,0,117,0,0.020157340967624726,0,0,9
Asia,South-eastern Asia,Singapore,5804337,2020-03-07,13,0,130,0,0.02239704551958303,0,1,9
Asia,South-eastern Asia,Singapore,5804337,2020-03-08,8,0,138,0,0.023775325243865063,0,2,9
Asia,South-eastern Asia,Singapore,5804337,2020-03-09,12,0,150,0,0.02584274483028811,0,3,9
Asia,South-eastern Asia,Singapore,5804337,2020-03-10,10,0,160,0,0.02756559448564065,0,4,9
Asia,South-eastern Asia,Singapore,5804337,2020-03-11,6,0,166,0,0.028599304278852173,0,5,9
Asia,South-eastern Asia,Singapore,5804337,2020-03-12,12,0,178,0,0.030666723865275223,0,6,9
Asia,South-eastern Asia,Singapore,5804337,2020-03-13,9,0,187,0,0.03221728855509251,0,7,9
Asia,South-eastern Asia,Singapore,5804337,2020-03-14,13,0,200,0,0.03445699310705082,0,8,9
Asia,South-eastern Asia,Singapore,5804337,2020-03-15,14,0,214,0,0.03686898262454437,0,9,9
Asia,South-eastern Asia,Singapore,5804337,2020-03-16,12,0,226,0,0.03893640221096742,0,10,9
Asia,South-eastern Asia,Singapore,5804337,2020-03-17,17,0,243,0,0.041865246625066736,0,11,9
Asia,South-eastern Asia,Singapore,5804337,2020-03-18,23,0,266,0,0.045827800832377585,0,12,9
Asia,Eastern Asia,South Korea,51225308,2020-02-26,254,3,1146,11,0.022371754211804835,0.009598603839441536,0,10
Asia,Eastern Asia,South Korea,51225308,2020-02-27,449,1,1595,12,0.031136952851508477,0.007523510971786834,1,10
Asia,Eastern Asia,South Korea,51225308,2020-02-28,427,1,2022,13,0.03947267627946717,0.006429277942631058,2,10
Asia,Eastern Asia,South Korea,51225308,2020-02-29,909,3,2931,16,0.05721781116474693,0.005458887751620608,3,10
Asia,Eastern Asia,South Korea,51225308,2020-03-01,595,1,3526,17,0.06883316348239428,0.004821327283040272,4,10
Asia,Eastern Asia,South Korea,51225308,2020-03-02,686,5,4212,22,0.08222498144862302,0.0052231718898385565,5,10
Asia,Eastern Asia,South Korea,51225308,2020-03-03,600,6,4812,28,0.09393794176893969,0.005818786367414797,6,10
Asia,Eastern Asia,South Korea,51225308,2020-03-04,516,4,5328,32,0.10401108764441201,0.006006006006006006,7,10
Asia,Eastern Asia,South Korea,51225308,2020-03-05,438,3,5766,35,0.1125615486782432,0.0060700659035726676,8,10
Asia,Eastern Asia,South Korea,51225308,2020-03-06,518,7,6284,42,0.12267373775478324,0.00668364099299809,9,10
Asia,Eastern Asia,South Korea,51225308,2020-03-07,483,2,6767,44,0.13210267081263816,0.0065021427515885915,10,10
Asia,Eastern Asia,South Korea,51225308,2020-03-08,367,6,7134,50,0.1392670982085652,0.007008690776562938,11,10
Asia,Eastern Asia,South Korea,51225308,2020-03-09,248,1,7382,51,0.14410845514096277,0.006908696830127336,12,10
Asia,Eastern Asia,South Korea,51225308,2020-03-10,131,3,7513,54,0.14666578481089854,0.007187541594569413,13,10
Asia,Eastern Asia,South Korea,51225308,2020-03-11,242,6,7755,60,0.15139001214009293,0.007736943907156673,14,10
Asia,Eastern Asia,South Korea,51225308,2020-03-12,114,6,7869,66,0.15361547460095312,0.008387342737323675,15,10
Asia,Eastern Asia,South Korea,51225308,2020-03-13,110,1,7979,67,0.15576285065967782,0.008397042235869156,16,10
Asia,Eastern Asia,South Korea,51225308,2020-03-14,107,5,8086,72,0.15785166191680097,0.008904279000742024,17,10
Asia,Eastern Asia,South Korea,51225308,2020-03-15,76,3,8162,75,0.1593353035573744,0.009188924283263906,18,10
Asia,Eastern Asia,South Korea,51225308,2020-03-16,74,0,8236,75,0.16077990199688014,0.009106362311801846,19,10
Asia,Eastern Asia,South Korea,51225308,2020-03-17,84,6,8320,81,0.16241971644172445,0.009735576923076923,20,10
Asia,Eastern Asia,South Korea,51225308,2020-03-18,93,5,8413,86,0.16423522529137355,0.010222275050517057,21,10
Europe,Southern Europe,Spain,46736776,2020-03-10,615,23,1204,28,0.02576129769841206,0.023255813953488372,0,11
Europe,Southern Europe,Spain,46736776,2020-03-11,435,7,1639,35,0.03506874329542971,0.021354484441732765,1,11
Europe,Southern Europe,Spain,46736776,2020-03-12,501,12,2140,47,0.04578835305199486,0.021962616822429906,2,11
Europe,Southern Europe,Spain,46736776,2020-03-13,864,37,3004,84,0.0642748656860713,0.02796271637816245,3,11
Europe,Southern Europe,Spain,46736776,2020-03-14,1227,37,4231,121,0.09052828119765899,0.028598440085086267,4,11
Europe,Southern Europe,Spain,46736776,2020-03-15,1522,15,5753,136,0.12309364257389085,0.02363984008343473,5,11
Europe,Southern Europe,Spain,46736776,2020-03-16,2000,152,7753,288,0.1658864958935122,0.03714691087321037,6,11
Europe,Southern Europe,Spain,46736776,2020-03-17,1438,21,9191,309,0.19665455743031995,0.03361984550103362,7,11
Europe,Southern Europe,Spain,46736776,2020-03-18,1987,182,11178,491,0.2391692572033638,0.043925568080157455,8,11
Europe,Northern Europe,Sweden,10036379,2020-03-09,42,0,203,0,0.020226418312819794,0,0,12
Europe,Northern Europe,Sweden,10036379,2020-03-10,45,0,248,0,0.024710107101375903,0,1,12
Europe,Northern Europe,Sweden,10036379,2020-03-11,78,0,326,0,0.032481834334873165,0,2,12
Europe,Northern Europe,Sweden,10036379,2020-03-12,136,1,462,1,0.04603253822917608,0.0021645021645021645,3,12
Europe,Northern Europe,Sweden,10036379,2020-03-13,158,0,620,1,0.061775267753439764,0.0016129032258064516,4,12
Europe,Northern Europe,Sweden,10036379,2020-03-14,155,0,775,1,0.0772190846917997,0.0012903225806451613,5,12
Europe,Northern Europe,Sweden,10036379,2020-03-15,149,0,924,1,0.09206507645835216,0.0010822510822510823,6,12
Europe,Northern Europe,Sweden,10036379,2020-03-16,108,2,1032,3,0.10282592955088683,0.0029069767441860465,7,12
Europe,Northern Europe,Sweden,10036379,2020-03-17,89,4,1121,7,0.11169366959936447,0.006244424620874219,8,12
Europe,Northern Europe,Sweden,10036379,2020-03-18,46,1,1167,8,0.11627699591655517,0.006855184233076264,9,12
Europe,Western Europe,Switzerland,8591365,2020-03-07,122,0,209,1,0.02432675133695286,0.004784688995215311,0,13
Europe,Western Europe,Switzerland,8591365,2020-03-08,55,0,264,1,0.030728528004572032,0.003787878787878788,1,13
Europe,Western Europe,Switzerland,8591365,2020-03-09,68,1,332,2,0.03864345188453756,0.006024096385542169,2,13
Europe,Western Europe,Switzerland,8591365,2020-03-10,42,0,374,2,0.04353208133981038,0.0053475935828877,3,13
Europe,Western Europe,Switzerland,8591365,2020-03-11,116,1,490,3,0.057034010311516274,0.006122448979591836,4,13
Europe,Western Europe,Switzerland,8591365,2020-03-12,152,1,642,4,0.07472619310202744,0.006230529595015576,5,13
Europe,Western Europe,Switzerland,8591365,2020-03-13,212,0,854,4,0.09940213225721407,0.00468384074941452,6,13
Europe,Western Europe,Switzerland,8591365,2020-03-14,267,3,1121,7,0.1304798480800199,0.006244424620874219,7,13
Europe,Western Europe,Switzerland,8591365,2020-03-15,238,4,1359,11,0.1581820816598992,0.008094186902133923,8,13
Europe,Western Europe,Switzerland,8591365,2020-03-16,841,2,2200,13,0.2560710667047669,0.005909090909090909,9,13
Europe,Western Europe,Switzerland,8591365,2020-03-17,0,1,2200,14,0.2560710667047669,0.006363636363636364,10,13
Europe,Western Europe,Switzerland,8591365,2020-03-18,450,5,2650,19,0.3084492394398329,0.007169811320754717,11,13
Europe,Northern Europe,Iceland,339031,2020-03-02,8,0,12,0,0.035394993378186655,0,0,4
Europe,Northern Europe,Iceland,339031,2020-03-03,5,0,17,0,0.05014290728576443,0,1,4
Europe,Northern Europe,Iceland,339031,2020-03-04,13,0,30,0,0.08848748344546664,0,2,4
Europe,Northern Europe,Iceland,339031,2020-03-05,9,0,39,0,0.11503372847910663,0,3,4
Europe,Northern Europe,Iceland,339031,2020-03-06,8,0,47,0,0.13863039073123107,0,4,4
Europe,Northern Europe,Iceland,339031,2020-03-07,6,0,53,0,0.15632788742032439,0,5,4
Europe,Northern Europe,Iceland,339031,2020-03-08,6,0,59,0,0.17402538410941773,0,6,4
Europe,Northern Europe,Iceland,339031,2020-03-09,9,0,68,0,0.20057162914305773,0,7,4
Europe,Northern Europe,Iceland,339031,2020-03-10,14,0,82,0,0.24186578808427547,0,8,4
Europe,Northern Europe,Iceland,339031,2020-03-11,24,0,106,0,0.31265577484064877,0,9,4
Europe,Northern Europe,Iceland,339031,2020-03-12,16,0,122,0,0.35984909934489767,0,10,4
Europe,Northern Europe,Iceland,339031,2020-03-13,20,0,142,0,0.4188407549752088,0,11,4
Europe,Northern Europe,Iceland,339031,2020-03-14,24,0,166,0,0.4896307417315821,0,12,4
Europe,Northern Europe,Iceland,339031,2020-03-15,20,0,186,0,0.5486223973618932,0,13,4
Europe,Northern Europe,Iceland,339031,2020-03-16,22,0,208,0,0.6135132185552353,0,14,4
Europe,Northern Europe,Iceland,339031,2020-03-17,53,0,261,0,0.7698411059755598,0,15,4
Europe,Northern Europe,Iceland,339031,2020-03-18,78,0,339,0,0.9999085629337731,0,16,4
